0000000116	41.66	48.83	5.66	3.86
0000000868	1.92	0.00	21.98	76.10
0000013714	0.00	0.00	44.69	55.31
0000015393	23.53	47.06	29.41	0.00
0000029831	21.03	19.41	21.72	37.85
0000038504	6.88	1.08	33.95	58.09
0000041696	9.28	5.57	11.32	73.84
0000095699	36.66	7.83	7.17	48.34
0000174076	1.00	87.58	2.40	9.02
0000202010	6.30	50.96	22.74	20.00
0000230022	46.15	0.00	15.38	38.46
0000401048	11.49	9.20	42.53	36.78
0000477141	16.67	5.56	38.89	38.89
000047715X	0.00	16.67	33.33	50.00
0000619574	11.76	5.88	47.06	35.29
000077135X	11.11	44.44	22.22	22.22
0000913154	0.00	0.00	100.00	0.00
000100039X	14.49	23.19	28.99	33.33
0001001787	28.57	14.29	28.57	28.57
0001006002	0.00	33.33	0.00	66.67
0001006657	0.00	0.00	100.00	0.00
0001018043	15.54	21.76	28.50	34.20
0001019880	14.29	14.29	14.29	57.14
000102521X	22.22	11.11	33.33	33.33
0001026038	75.00	25.00	0.00	0.00
0001035649	16.13	19.35	19.35	45.16
0001042335	33.33	0.00	33.33	33.33
0001047566	0.00	50.00	50.00	0.00
0001048236	0.00	0.00	100.00	0.00
0001048775	17.39	26.09	13.04	43.48
0001048791	12.00	56.00	4.00	28.00
0001048813	25.00	0.00	0.00	75.00
0001053396	50.00	16.67	16.67	16.67
0001053655	10.00	30.00	50.00	10.00
0001053744	0.00	100.00	0.00	0.00
0001055178	0.00	100.00	0.00	0.00
0001056107	14.29	14.29	14.29	57.14
0001056530	10.00	10.00	30.00	50.00
0001057138	20.00	40.00	40.00	0.00
0001057146	23.08	7.69	0.00	69.23
0001057170	0.00	33.33	0.00	66.67
0001057324	0.00	0.00	0.00	100.00
0001061100	100.00	0.00	0.00	0.00
0001061127	14.29	14.29	14.29	57.14
0001062395	20.00	20.00	20.00	40.00
0001064487	40.00	0.00	0.00	60.00
0001072986	0.00	0.00	0.00	100.00
0001127748	27.27	0.00	18.18	54.55
0001148427	0.00	0.00	50.00	50.00
0001203010	0.00	0.00	0.00	100.00
0001203088	0.00	0.00	100.00	0.00
0001360000	37.50	0.00	25.00	37.50
0001360183	0.00	50.00	0.00	50.00
0001360779	25.00	0.00	25.00	50.00
0001361139	12.50	12.50	9.38	65.63
0001361155	19.05	14.29	14.29	52.38
000136118X	37.50	0.00	12.50	50.00
0001371037	0.00	0.00	0.00	100.00
0001371045	13.33	26.67	20.00	40.00
0001380877	12.50	50.00	12.50	25.00
0001381245	0.00	0.00	0.00	100.00
0001381733	0.00	41.67	16.67	41.67
0001382489	0.00	0.00	75.00	25.00
0001384155	33.33	66.67	0.00	0.00
0001384163	0.00	0.00	50.00	50.00
0001384198	0.00	68.75	12.50	18.75
0001386301	0.00	0.00	100.00	0.00
0001436163	39.43	18.29	18.29	24.00
0001437879	0.00	0.00	0.00	100.00
0001468685	0.00	75.00	25.00	0.00
0001472933	36.23	15.94	24.64	23.19
0001473123	60.00	0.00	0.00	40.00
0001473727	33.80	19.72	18.31	28.17
0001473905	16.67	0.00	50.00	33.33
0001484648	0.00	50.00	0.00	50.00
0001486632	50.00	0.00	50.00	0.00
0001487795	42.86	9.52	14.29	33.33
0001501232	100.00	0.00	0.00	0.00
0001515195	25.00	25.00	50.00	0.00
0001527355	0.00	100.00	0.00	0.00
0001536338	28.99	11.59	23.19	36.23
0001543849	8.33	16.67	16.67	58.33
000161102X	10.00	20.00	10.00	60.00
0001621076	11.11	33.33	33.33	22.22
0001632108	52.94	11.76	11.76	23.53
0001711237	13.04	26.09	30.43	30.43
0001711296	33.33	0.00	0.00	66.67
000171130X	0.00	50.00	50.00	0.00
0001711342	19.30	43.86	22.81	14.04
0001711474	33.33	0.00	33.33	33.33
0001712772	0.00	66.67	33.33	0.00
000171287X	75.00	0.00	0.00	25.00
0001713086	15.79	52.63	10.53	21.05
0001713108	0.00	50.00	0.00	50.00
0001713256	0.00	50.00	0.00	50.00
0001714384	100.00	0.00	0.00	0.00
0001714538	20.00	30.00	30.00	20.00
0001720104	50.00	50.00	0.00	0.00
0001720252	0.00	0.00	100.00	0.00
0001720317	11.11	44.44	27.78	16.67
0001837192	0.00	0.00	100.00	0.00
0001837397	25.00	0.00	25.00	50.00
0001837664	0.00	100.00	0.00	0.00
0001839225	11.11	72.22	5.56	11.11
0001839233	33.33	0.00	0.00	66.67
0001841580	28.57	71.43	0.00	0.00
0001841777	40.00	40.00	0.00	20.00
0001842501	16.74	14.93	24.43	43.89
0001842765	16.67	13.64	31.82	37.88
0001844040	16.67	16.67	66.67	0.00
0001844164	20.00	0.00	80.00	0.00
0001845357	0.00	0.00	50.00	50.00
0001846590	20.00	9.49	33.56	36.95
000184749X	24.14	31.03	17.24	27.59
0001847627	0.00	50.00	12.50	37.50
0001847775	50.00	16.67	16.67	16.67
0001848062	14.63	21.95	31.71	31.71
0001850032	31.25	31.25	12.50	25.00
0001850164	14.29	14.29	14.29	57.14
0001856871	6.67	40.00	40.00	13.33
0001857029	0.00	100.00	0.00	0.00
0001857169	16.33	22.45	26.53	34.69
0001913093	25.00	0.00	12.50	62.50
0001922408	0.00	33.33	0.00	66.67
0001923315	33.33	0.00	0.00	66.67
0001923331	17.09	18.80	26.50	37.61
0001937782	59.26	3.70	14.81	22.22
0001939777	40.62	3.12	15.62	40.63
0001942123	28.57	0.00	0.00	71.43
0001942611	39.13	17.39	17.39	26.09
0001944541	33.33	33.33	16.67	16.67
0001944959	0.00	0.00	25.00	75.00
0001945130	21.74	16.30	31.52	30.43
0001950541	8.70	26.09	34.78	30.43
0001950584	33.33	11.11	44.44	11.11
0001954032	25.00	0.00	50.00	25.00
0001954059	14.81	40.74	29.63	14.81
0001954563	40.00	20.00	20.00	20.00
0001955837	33.33	33.33	33.33	0.00
0001956264	0.00	0.00	0.00	100.00
0001956272	21.03	13.30	30.47	35.19
0001956752	28.57	11.43	28.57	31.43
000195783X	9.09	0.00	27.27	63.64
0001959735	0.00	0.00	42.86	57.14
0001961012	20.00	9.52	35.24	35.24
0001981315	33.33	0.00	0.00	66.67
0001981692	0.00	100.00	0.00	0.00
0001982370	18.18	9.09	36.36	36.36
0001982419	13.95	4.65	34.88	46.51
0001982435	33.33	33.33	0.00	33.33
0001982559	24.59	24.59	39.34	11.48
0001982796	25.00	75.00	0.00	0.00
0001983261	0.00	50.00	50.00	0.00
000198327X	0.00	0.00	0.00	100.00
0001983393	28.00	28.00	18.67	25.33
0001983415	40.00	10.00	30.00	20.00
0001983660	0.00	33.33	33.33	33.33
0001983806	0.00	100.00	0.00	0.00
0001983857	19.32	26.14	31.82	22.73
000198392X	33.33	25.00	8.33	33.33
0001983938	0.00	0.00	0.00	100.00
0001984020	50.00	0.00	0.00	50.00
0002000075	28.98	22.45	25.59	22.98
0002000105	27.63	21.05	17.11	34.21
0002000172	52.63	10.53	5.26	31.58
0002000202	42.31	30.77	7.69	19.23
0002000245	12.05	31.64	15.44	40.87
000200027X	50.00	0.00	0.00	50.00
0002000369	0.00	71.43	28.57	0.00
0002000377	7.32	41.46	17.07	34.15
0002000547	0.00	25.00	25.00	50.00
0002000601	0.00	0.00	100.00	0.00
0002000725	0.00	0.00	0.00	100.00
0002000822	0.00	100.00	0.00	0.00
000200089X	5.13	46.15	30.77	17.95
000200092X	0.00	0.00	100.00	0.00
0002000946	0.00	0.00	0.00	100.00
0002000997	7.58	36.36	40.91	15.15
0002005239	25.00	25.00	25.00	25.00
0002005298	0.00	0.00	100.00	0.00
0002005387	33.33	0.00	0.00	66.67
0002005395	25.00	41.67	33.33	0.00
000200576X	0.00	0.00	0.00	100.00
0002005808	11.43	47.62	35.24	5.71
0002006006	11.11	55.56	22.22	11.11
0002006162	0.00	0.00	50.00	50.00
0002006413	0.00	0.00	100.00	0.00
0002006618	0.00	50.00	50.00	0.00
0002006650	0.00	0.00	100.00	0.00
0002006715	17.39	30.43	34.78	17.39
0002006723	33.33	33.33	0.00	33.33
0002006758	0.00	0.00	0.00	100.00
0002006774	0.00	50.00	50.00	0.00
0002006812	13.99	22.38	23.08	40.56
0002006898	25.00	10.71	28.57	35.71
0002007207	8.57	31.43	28.57	31.43
000200724X	22.22	11.11	18.52	48.15
0002007576	20.00	0.00	40.00	40.00
0002007649	33.33	33.33	0.00	33.33
0002007681	17.07	31.71	31.71	19.51
0002007770	11.11	0.00	55.56	33.33
0002007827	38.46	30.77	23.08	7.69
0002007843	22.22	26.67	13.33	37.78
0002007908	11.11	33.33	11.11	44.44
0002007932	35.71	28.57	14.29	21.43
0002008211	25.00	62.50	12.50	0.00
0002008394	6.67	46.67	26.67	20.00
0002008475	33.33	33.33	33.33	0.00
0002008483	11.11	33.33	22.22	33.33
0002008505	50.00	25.00	25.00	0.00
0002008572	12.12	33.33	27.27	27.27
0002008815	0.00	22.22	22.22	55.56
0002051850	12.50	37.50	25.00	25.00
0002103540	14.29	42.86	14.29	28.57
0002103648	0.00	0.00	0.00	100.00
0002103818	9.09	54.55	18.18	18.18
0002110210	50.00	0.00	50.00	0.00
0002110326	50.00	50.00	0.00	0.00
0002110725	100.00	0.00	0.00	0.00
0002111306	50.00	33.33	16.67	0.00
0002111616	21.43	19.05	21.43	38.10
0002111640	38.46	15.38	23.08	23.08
0002111713	25.00	25.00	0.00	50.00
0002112388	20.00	20.00	40.00	20.00
000211268X	33.33	33.33	5.56	27.78
0002113570	0.00	0.00	100.00	0.00
0002113848	33.33	0.00	66.67	0.00
0002114038	50.00	50.00	0.00	0.00
0002114186	0.00	0.00	0.00	100.00
0002114437	27.78	27.78	11.11	33.33
0002114453	9.09	27.27	18.18	45.45
0002114674	0.00	50.00	0.00	50.00
000211495X	38.46	23.08	23.08	15.38
0002115050	20.00	20.00	20.00	40.00
0002115352	66.67	0.00	0.00	33.33
0002115581	25.00	0.00	50.00	25.00
000211562X	35.71	14.29	28.57	21.43
0002115808	0.00	0.00	50.00	50.00
0002116138	0.00	100.00	0.00	0.00
0002116448	40.00	20.00	20.00	20.00
0002116456	0.00	100.00	0.00	0.00
0002116499	100.00	0.00	0.00	0.00
0002117053	40.00	40.00	0.00	20.00
0002117088	0.00	100.00	0.00	0.00
0002117177	0.00	0.00	100.00	0.00
0002117207	0.00	100.00	0.00	0.00
0002117274	16.67	16.67	16.67	50.00
0002117649	0.00	0.00	25.00	75.00
0002117886	0.00	100.00	0.00	0.00
0002118572	0.00	100.00	0.00	0.00
0002118769	14.29	0.00	42.86	42.86
0002118858	0.00	0.00	0.00	100.00
0002119307	0.00	100.00	0.00	0.00
0002119366	0.00	28.57	57.14	14.29
0002119560	0.00	0.00	100.00	0.00
0002133636	0.00	0.00	33.33	66.67
0002150514	21.43	14.29	28.57	35.71
0002151189	16.67	33.33	16.67	33.33
000215126X	0.00	0.00	0.00	100.00
0002151448	0.00	0.00	0.00	100.00
0002151634	0.00	0.00	0.00	100.00
000215191X	50.00	0.00	0.00	50.00
0002152134	20.00	40.00	20.00	20.00
0002152460	0.00	0.00	100.00	0.00
0002152975	12.50	4.17	33.33	50.00
0002153211	13.33	6.67	26.67	53.33
0002153238	50.00	0.00	25.00	25.00
0002153246	0.00	16.67	33.33	50.00
0002153327	0.00	0.00	40.00	60.00
0002153432	40.00	20.00	40.00	0.00
0002153904	50.00	0.00	0.00	50.00
0002153971	50.00	0.00	0.00	50.00
0002154129	0.00	0.00	50.00	50.00
0002154390	32.07	11.96	12.50	43.48
0002154463	0.00	33.33	0.00	66.67
0002154579	0.00	33.33	0.00	66.67
0002154781	5.88	8.82	22.06	63.24
0002154838	43.55	6.45	11.29	38.71
0002155133	24.00	4.00	28.00	44.00
0002155435	40.68	22.03	13.56	23.73
0002155796	29.41	5.88	35.29	29.41
000215644X	38.46	15.38	7.69	38.46
0002156660	33.33	16.67	50.00	0.00
0002156849	42.55	21.28	8.51	27.66
0002157233	0.00	0.00	66.67	33.33
000215725X	28.57	28.57	14.29	28.57
0002157292	50.00	0.00	50.00	0.00
0002157330	33.33	33.33	0.00	33.33
0002157462	0.00	100.00	0.00	0.00
0002157470	100.00	0.00	0.00	0.00
0002157977	52.00	24.00	8.00	16.00
0002158000	25.00	25.00	25.00	25.00
0002158183	100.00	0.00	0.00	0.00
0002158388	0.00	0.00	66.67	33.33
0002158426	12.50	0.00	12.50	75.00
0002158442	0.00	0.00	0.00	100.00
000215854X	50.00	0.00	50.00	0.00
0002158612	0.00	0.00	33.33	66.67
000215921X	0.00	0.00	0.00	100.00
0002159260	100.00	0.00	0.00	0.00
0002159317	42.86	28.57	0.00	28.57
0002159449	0.00	25.00	25.00	50.00
000215949X	50.00	50.00	0.00	0.00
0002159511	0.00	33.33	0.00	66.67
0002159619	0.00	0.00	80.00	20.00
0002159627	23.08	23.08	23.08	30.77
0002159643	0.00	33.33	33.33	33.33
0002159996	33.33	0.00	33.33	33.33
0002160161	0.00	0.00	0.00	100.00
0002160374	8.33	16.67	33.33	41.67
0002160544	14.29	42.86	14.29	28.57
0002160560	14.93	47.76	14.93	22.39
0002160587	0.00	33.33	33.33	33.33
0002161184	50.00	0.00	25.00	25.00
0002161362	0.00	100.00	0.00	0.00
0002161508	13.33	33.33	13.33	40.00
0002161621	100.00	0.00	0.00	0.00
000216163X	12.73	51.82	21.82	13.64
000216194X	25.00	0.00	25.00	50.00
0002162288	50.00	0.00	12.50	37.50
0002162652	0.00	100.00	0.00	0.00
0002162733	0.00	50.00	0.00	50.00
0002162989	0.00	42.86	42.86	14.29
0002163292	0.00	100.00	0.00	0.00
0002163519	100.00	0.00	0.00	0.00
0002163659	11.11	22.22	11.11	55.56
0002164248	0.00	0.00	50.00	50.00
0002164639	33.33	16.67	33.33	16.67
0002166070	50.00	0.00	50.00	0.00
0002166453	20.83	8.33	41.67	29.17
0002166461	18.18	27.27	18.18	36.36
0002166658	33.33	0.00	0.00	66.67
0002166674	0.00	33.33	16.67	50.00
0002166925	0.00	100.00	0.00	0.00
0002166992	0.00	0.00	33.33	66.67
0002167425	16.67	16.67	50.00	16.67
0002167549	16.67	0.00	33.33	50.00
0002167859	0.00	0.00	0.00	100.00
000216843X	25.93	11.11	33.33	29.63
0002168952	0.00	50.00	0.00	50.00
0002169525	16.67	0.00	16.67	66.67
0002170590	33.33	33.33	0.00	33.33
000217104X	26.32	9.21	19.74	44.74
0002171058	26.09	21.74	21.74	30.43
0002172135	20.00	10.00	20.00	50.00
0002172739	14.29	28.57	14.29	42.86
0002172747	16.67	0.00	16.67	66.67
0002173247	0.00	0.00	40.00	60.00
0002173808	16.67	16.67	16.67	50.00
0002174960	0.00	0.00	0.00	100.00
0002175312	12.50	8.33	16.67	62.50
000217572X	44.44	44.44	11.11	0.00
0002175800	0.00	33.33	33.33	33.33
0002175983	35.48	25.81	19.35	19.35
0002176173	25.00	12.50	37.50	25.00
0002176203	0.00	0.00	50.00	50.00
0002176475	37.13	32.46	16.67	13.74
0002177064	37.50	25.00	0.00	37.50
0002177285	0.00	40.00	60.00	0.00
0002177293	22.43	23.36	26.17	28.04
000217734X	26.19	19.05	19.05	35.71
0002177803	18.52	18.52	18.52	44.44
0002177862	34.46	38.58	16.85	10.11
0002177897	29.63	29.63	25.93	14.81
000217796X	66.67	33.33	0.00	0.00
0002178559	50.00	0.00	0.00	50.00
000217863X	22.03	38.98	23.73	15.25
0002179083	8.57	14.29	20.00	57.14
0002179415	40.00	20.00	20.00	20.00
0002179679	13.64	22.73	4.55	59.09
0002179687	50.00	0.00	50.00	0.00
0002179725	13.13	16.16	24.24	46.46
0002179741	13.04	17.39	21.74	47.83
000217989X	10.00	40.00	30.00	20.00
0002179911	20.00	60.00	0.00	20.00
0002179938	0.00	100.00	0.00	0.00
0002181193	40.00	20.00	20.00	20.00
0002182300	17.24	6.90	37.93	37.93
0002184702	0.00	0.00	100.00	0.00
0002184796	0.00	0.00	100.00	0.00
000218494X	0.00	14.29	57.14	28.57
0002185385	100.00	0.00	0.00	0.00
0002187027	18.18	0.00	54.55	27.27
0002187035	0.00	0.00	100.00	0.00
000218706X	0.00	0.00	100.00	0.00
0002187949	1.59	0.00	82.54	15.87
0002188384	10.00	10.00	30.00	50.00
0002188899	0.00	0.00	0.00	100.00
0002189607	0.00	50.00	0.00	50.00
0002189615	33.33	0.00	33.33	33.33
0002190699	100.00	0.00	0.00	0.00
000219080X	100.00	0.00	0.00	0.00
0002191199	50.00	0.00	50.00	0.00
0002191369	33.33	0.00	66.67	0.00
0002191792	50.00	50.00	0.00	0.00
0002192047	29.41	11.76	29.41	29.41
0002192063	36.36	27.27	27.27	9.09
0002192101	100.00	0.00	0.00	0.00
0002192373	37.50	25.00	12.50	25.00
0002192497	20.00	0.00	20.00	60.00
0002192527	0.00	0.00	50.00	50.00
0002192888	33.33	0.00	33.33	33.33
0002193787	33.33	0.00	0.00	66.67
000219502X	28.57	17.86	32.14	21.43
0002195690	36.84	10.53	15.79	36.84
0002197189	30.00	0.00	60.00	10.00
0002197782	33.33	33.33	0.00	33.33
0002197790	33.33	0.00	0.00	66.67
0002198126	0.00	66.67	33.33	0.00
0002198940	50.00	0.00	0.00	50.00
0002199092	0.00	0.00	50.00	50.00
0002199130	23.53	0.00	47.06	29.41
0002199173	8.33	33.33	33.33	25.00
0002199181	0.00	0.00	0.00	100.00
0002199203	40.00	20.00	40.00	0.00
0002199351	0.00	40.00	20.00	40.00
0002199378	12.50	37.50	50.00	0.00
0002199645	50.00	0.00	50.00	0.00
0002199793	0.00	50.00	0.00	50.00
0002199815	0.00	0.00	100.00	0.00
0002199823	16.67	66.67	0.00	16.67
000219984X	0.00	50.00	0.00	50.00
0002199963	40.00	20.00	20.00	20.00
0002200031	36.36	27.27	9.09	27.27
0002200120	0.00	0.00	100.00	0.00
000220035X	100.00	0.00	0.00	0.00
0002200597	5.88	20.59	14.71	58.82
0002200643	50.00	50.00	0.00	0.00
0002201372	50.00	50.00	0.00	0.00
0002201399	20.00	40.00	40.00	0.00
0002202085	27.27	27.27	9.09	36.36
0002202123	33.33	11.11	11.11	44.44
0002202158	0.00	100.00	0.00	0.00
0002210495	0.00	100.00	0.00	0.00
0002210967	14.29	14.29	28.57	42.86
0002211025	30.77	0.00	38.46	30.77
0002211297	0.00	100.00	0.00	0.00
0002211467	0.00	100.00	0.00	0.00
0002211483	50.00	50.00	0.00	0.00
0002211823	0.00	0.00	100.00	0.00
0002212129	100.00	0.00	0.00	0.00
0002212161	20.87	7.28	24.76	47.09
0002212269	100.00	0.00	0.00	0.00
0002213184	18.09	13.83	17.02	51.06
0002213311	29.79	12.77	25.53	31.91
0002213583	25.81	25.81	16.13	32.26
0002214032	13.33	20.00	26.67	40.00
0002214113	27.27	18.18	36.36	18.18
000221413X	50.00	0.00	50.00	0.00
0002214407	50.00	25.00	0.00	25.00
0002214709	0.00	33.33	33.33	33.33
0002215357	11.11	22.22	11.11	55.56
0002215748	60.00	0.00	0.00	40.00
0002216213	33.33	0.00	66.67	0.00
0002216477	10.71	14.29	21.43	53.57
000221685X	15.79	5.26	52.63	26.32
0002216973	60.00	0.00	13.33	26.67
0002217325	33.33	16.67	16.67	33.33
000221735X	11.76	17.65	35.29	35.29
0002217473	10.00	0.00	30.00	60.00
0002217600	8.33	33.33	41.67	16.67
0002217635	0.00	50.00	50.00	0.00
0002218321	12.50	16.67	50.00	20.83
0002218615	0.00	0.00	33.33	66.67
0002218844	0.00	28.57	0.00	71.43
0002218879	0.00	0.00	100.00	0.00
0002219360	20.00	16.00	32.00	32.00
0002219417	0.00	40.00	20.00	40.00
0002219492	22.22	22.22	11.11	44.44
0002219565	20.00	40.00	20.00	20.00
0002220075	13.95	13.18	31.78	41.09
0002220334	0.00	37.50	50.00	12.50
0002220350	50.00	0.00	50.00	0.00
0002221020	11.76	17.65	47.06	23.53
0002221365	9.09	25.45	23.64	41.82
0002221373	33.33	0.00	44.44	22.22
0002222450	6.25	6.25	37.50	50.00
0002222590	0.00	10.00	40.00	50.00
0002222671	0.00	0.00	33.33	66.67
0002222817	0.00	25.00	50.00	25.00
0002222965	0.00	0.00	0.00	100.00
000222383X	50.00	0.00	0.00	50.00
0002226049	25.00	25.00	0.00	50.00
0002226340	0.00	0.00	66.67	33.33
000222657X	0.00	0.00	0.00	100.00
0002226618	0.00	0.00	0.00	100.00
0002226901	0.00	0.00	100.00	0.00
0002227096	0.00	33.33	33.33	33.33
0002228645	0.00	0.00	0.00	100.00
0002229781	0.00	16.67	16.67	66.67
0002231026	33.33	0.00	0.00	66.67
0002231344	50.00	0.00	50.00	0.00
0002231832	23.53	17.65	11.76	47.06
0002231875	33.33	22.22	11.11	33.33
0002232529	0.00	33.33	0.00	66.67
0002233568	50.00	0.00	50.00	0.00
0002233916	50.00	50.00	0.00	0.00
0002234173	66.67	33.33	0.00	0.00
0002234394	0.00	100.00	0.00	0.00
0002234572	0.00	0.00	0.00	100.00
0002235013	22.37	11.84	25.66	40.13
0002236540	26.53	22.45	28.57	22.45
0002236648	27.78	16.67	5.56	50.00
0002236761	14.29	42.86	14.29	28.57
000223677X	11.94	14.93	26.87	46.27
0002237245	11.90	28.57	33.33	26.19
0002237814	45.45	18.18	18.18	18.18
0002238314	22.22	33.33	27.78	16.67
0002238586	18.18	18.18	18.18	45.45
0002238918	25.00	0.00	50.00	25.00
0002238934	100.00	0.00	0.00	0.00
0002239221	33.33	33.33	0.00	33.33
0002239418	7.14	21.43	21.43	50.00
0002239426	33.33	8.33	25.00	33.33
0002239833	0.00	50.00	0.00	50.00
0002240017	0.00	0.00	0.00	100.00
0002240432	66.67	0.00	33.33	0.00
000224053X	0.00	0.00	50.00	50.00
0002241749	0.00	100.00	0.00	0.00
0002242052	0.00	0.00	100.00	0.00
0002243644	0.00	33.33	33.33	33.33
0002243741	44.44	22.22	11.11	22.22
0002243768	38.46	7.69	15.38	38.46
0002245493	50.00	0.00	0.00	50.00
0002245604	100.00	0.00	0.00	0.00
0002245833	0.00	100.00	0.00	0.00
0002245922	18.18	0.00	0.00	81.82
0002246325	9.09	27.27	9.09	54.55
0002247399	0.00	100.00	0.00	0.00
0002247593	40.35	40.35	15.79	3.51
0002247623	17.65	47.06	29.41	5.88
0002250357	61.54	15.38	15.38	7.69
0002250381	34.78	43.48	21.74	0.00
0002250462	100.00	0.00	0.00	0.00
0002250519	10.00	40.00	40.00	10.00
0002250535	0.00	0.00	100.00	0.00
000225056X	0.00	0.00	0.00	100.00
0002250616	14.63	4.88	46.34	34.15
0002250667	0.00	0.00	100.00	0.00
0002250713	48.78	0.00	4.88	46.34
000225073X	0.00	0.00	0.00	100.00
0002250748	0.00	25.00	50.00	25.00
0002250756	47.06	23.53	14.71	14.71
0002251043	38.24	20.59	32.35	8.82
0002251183	13.33	46.67	40.00	0.00
0002251205	0.00	0.00	100.00	0.00
0002251213	0.00	81.82	9.09	9.09
0002251337	0.00	0.00	100.00	0.00
0002251493	20.00	60.00	20.00	0.00
0002251507	10.00	50.00	22.50	17.50
000225168X	0.00	100.00	0.00	0.00
0002251833	33.33	33.33	0.00	33.33
0002251884	10.64	8.51	53.19	27.66
0002251930	0.00	0.00	66.67	33.33
0002251965	25.00	25.00	25.00	25.00
0002251981	0.00	0.00	0.00	100.00
0002252015	50.00	25.00	25.00	0.00
0002252082	0.00	100.00	0.00	0.00
0002252104	0.00	100.00	0.00	0.00
0002252139	0.00	100.00	0.00	0.00
000225218X	50.00	50.00	0.00	0.00
0002253305	0.00	100.00	0.00	0.00
0002253372	0.00	50.00	0.00	50.00
0002253399	0.00	50.00	25.00	25.00
0002253968	33.33	33.33	11.11	22.22
0002254123	0.00	0.00	50.00	50.00
0002254131	0.00	57.14	14.29	28.57
0002254182	0.00	33.33	66.67	0.00
0002254409	0.00	0.00	100.00	0.00
0002254565	100.00	0.00	0.00	0.00
0002254816	0.00	0.00	0.00	100.00
0002254980	53.85	15.38	7.69	23.08
0002255553	22.73	22.73	22.73	31.82
0002255731	0.00	0.00	100.00	0.00
000225686X	0.00	0.00	75.00	25.00
000225705X	0.00	0.00	100.00	0.00
0002257777	0.00	0.00	63.64	36.36
0002258579	66.67	0.00	0.00	33.33
0002259192	25.93	22.22	25.93	25.93
000225977X	0.00	0.00	0.00	100.00
0002261200	31.25	18.75	12.50	37.50
0002261790	66.67	0.00	0.00	33.33
0002310899	23.08	23.08	30.77	23.08
0002311216	0.00	50.00	0.00	50.00
0002311240	66.67	11.11	11.11	11.11
0002312263	36.17	27.66	20.43	15.74
0002312298	33.33	33.33	0.00	33.33
0002313030	27.27	36.36	27.27	9.09
0002314282	29.94	31.85	21.66	16.56
0002314355	34.21	28.95	18.42	18.42
0002314592	25.00	25.00	25.00	25.00
000231469X	33.79	28.97	25.52	11.72
0002315459	50.00	0.00	16.67	33.33
0002315963	33.33	22.22	22.22	22.22
0002318075	21.05	38.16	23.68	17.11
0002318350	25.00	30.00	10.00	35.00
0002318652	25.93	33.33	25.93	14.81
0002318733	27.78	38.89	11.11	22.22
0002321688	0.00	0.00	0.00	100.00
0002322307	50.00	50.00	0.00	0.00
0002322528	0.00	100.00	0.00	0.00
0002324849	50.00	50.00	0.00	0.00
0002326698	10.00	43.33	33.33	13.33
0002326817	0.00	33.33	50.00	16.67
0002326825	0.00	0.00	100.00	0.00
0002326841	0.00	100.00	0.00	0.00
0002326876	24.29	32.86	22.86	20.00
0002327031	50.00	0.00	0.00	50.00
0002338114	0.00	0.00	100.00	0.00
0002430185	28.26	36.96	17.39	17.39
0002434032	25.00	50.00	25.00	0.00
0002444763	14.29	57.14	28.57	0.00
0002446405	26.00	32.00	18.00	24.00
0002477904	30.56	27.78	30.56	11.11
0002550296	25.00	50.00	0.00	25.00
0002550318	33.33	55.56	11.11	0.00
0002550326	22.86	37.14	22.86	17.14
0002550512	25.00	55.00	5.00	15.00
0002550741	0.00	50.00	0.00	50.00
0002550857	25.00	0.00	50.00	25.00
0002550865	41.38	37.93	10.34	10.34
0002550938	45.45	36.36	9.09	9.09
0002551101	40.00	20.00	40.00	0.00
000255111X	33.33	16.67	33.33	16.67
0002551152	14.29	35.71	14.29	35.71
0002551195	0.00	0.00	50.00	50.00
0002551470	15.38	27.69	20.77	36.15
0002551489	20.00	20.00	10.00	50.00
0002551497	11.76	11.76	35.29	41.18
0002551500	14.29	0.00	42.86	42.86
0002551519	0.00	66.67	16.67	16.67
0002551543	0.00	0.00	0.00	100.00
0002551659	0.00	0.00	0.00	100.00
0002551667	9.39	8.72	45.18	36.71
0002551675	11.84	13.88	28.16	46.12
0002552078	19.15	10.11	20.74	50.00
0002552175	11.86	11.86	26.27	50.00
000255223X	11.11	11.11	44.44	33.33
0002552256	33.33	8.33	33.33	25.00
0002552264	33.33	0.00	33.33	33.33
0002552396	18.75	12.50	31.25	37.50
0002552493	17.39	21.74	34.78	26.09
0002552507	30.77	15.38	23.08	30.77
0002552523	0.00	14.29	14.29	71.43
0002552531	33.33	33.33	0.00	33.33
0002552574	9.52	46.03	26.98	17.46
000255268X	14.29	0.00	14.29	71.43
0002553112	27.27	9.09	54.55	9.09
000255321X	0.00	25.00	50.00	25.00
0002553295	0.00	0.00	33.33	66.67
0002553341	22.22	55.56	0.00	22.22
0002553430	4.00	56.00	20.00	20.00
0002553449	0.00	0.00	33.33	66.67
0002553457	50.00	0.00	0.00	50.00
0002553473	0.00	0.00	0.00	100.00
0002553481	0.00	0.00	0.00	100.00
0002553635	16.67	33.33	16.67	33.33
0002553708	0.00	0.00	0.00	100.00
0002553732	0.00	33.33	33.33	33.33
000255383X	66.67	0.00	0.00	33.33
0002553910	0.00	50.00	50.00	0.00
000255397X	33.17	19.51	17.56	29.76
0002553988	19.05	19.05	23.81	38.10
0002554151	25.00	0.00	37.50	37.50
0002554194	12.50	25.00	50.00	12.50
0002554216	15.56	24.44	20.00	40.00
0002554232	0.00	100.00	0.00	0.00
0002554364	24.79	23.95	16.39	34.87
0002554437	0.00	16.67	11.11	72.22
000255447X	0.00	0.00	66.67	33.33
000255450X	20.00	20.00	20.00	40.00
0002554518	20.83	29.17	29.17	20.83
0002554526	0.00	33.33	16.67	50.00
0002554534	0.00	50.00	50.00	0.00
0002554577	25.00	25.00	25.00	25.00
0002554585	22.50	22.50	25.00	30.00
0002554593	25.00	0.00	75.00	0.00
0002554623	50.00	0.00	50.00	0.00
000255464X	23.53	23.24	20.88	32.35
0002554755	0.00	22.22	22.22	55.56
0002554763	36.36	0.00	36.36	27.27
0002554771	25.00	0.00	75.00	0.00
0002554798	0.00	20.00	40.00	40.00
0002554801	0.00	0.00	0.00	100.00
0002554860	0.00	100.00	0.00	0.00
0002554909	33.33	0.00	16.67	50.00
0002554925	20.00	33.33	26.67	20.00
0002555026	7.14	21.43	35.71	35.71
0002555166	20.00	40.00	20.00	20.00
0002555255	50.00	50.00	0.00	0.00
0002555328	12.50	12.50	50.00	25.00
0002555719	50.00	50.00	0.00	0.00
0002555875	50.00	0.00	50.00	0.00
0002555921	25.00	25.00	25.00	25.00
0002555972	0.00	100.00	0.00	0.00
0002556081	37.50	25.00	37.50	0.00
0002556219	0.00	0.00	0.00	100.00
0002556324	42.86	28.57	14.29	14.29
0002556642	0.00	100.00	0.00	0.00
0002556650	50.00	0.00	0.00	50.00
0002556723	23.81	9.52	23.81	42.86
0002556847	30.77	23.08	15.38	30.77
0002557029	44.44	11.11	11.11	33.33
000255710X	14.29	14.29	28.57	42.86
0002557231	50.00	0.00	50.00	0.00
000255738X	0.00	0.00	0.00	100.00
0002557517	15.00	30.00	35.00	20.00
0002557525	0.00	30.00	40.00	30.00
0002557584	66.67	0.00	0.00	33.33
0002557592	50.00	0.00	0.00	50.00
0002557673	0.00	50.00	0.00	50.00
0002557681	0.00	0.00	100.00	0.00
0002557738	100.00	0.00	0.00	0.00
0002557975	50.00	0.00	0.00	50.00
0002557991	50.00	0.00	50.00	0.00
0002558033	0.00	100.00	0.00	0.00
0002558173	0.00	50.00	50.00	0.00
0002558319	16.13	9.68	35.48	38.71
0002558343	9.52	28.57	42.86	19.05
0002558386	33.33	33.33	0.00	33.33
0002558483	33.33	33.33	0.00	33.33
0002558572	15.00	35.00	15.00	35.00
0002558637	54.55	0.00	18.18	27.27
000255870X	22.22	16.67	5.56	55.56
0002558718	29.41	5.88	23.53	41.18
0002558793	0.00	0.00	50.00	50.00
000255898X	33.33	11.11	11.11	44.44
0002559013	33.33	0.00	33.33	33.33
0002559064	0.00	0.00	50.00	50.00
0002559099	50.00	0.00	50.00	0.00
0002559102	50.00	0.00	0.00	50.00
000255934X	0.00	0.00	100.00	0.00
0002559420	0.00	0.00	0.00	100.00
0002570033	20.00	0.00	20.00	60.00
0002570068	100.00	0.00	0.00	0.00
0002570130	0.00	50.00	50.00	0.00
0002570319	50.00	0.00	50.00	0.00
0002570327	19.05	4.76	33.33	42.86
0002570831	30.00	10.00	40.00	20.00
0002570874	60.00	0.00	20.00	20.00
0002570890	20.00	10.00	50.00	20.00
0002570963	0.00	0.00	40.00	60.00
000257103X	0.00	100.00	0.00	0.00
0002571072	0.00	0.00	50.00	50.00
0002571153	33.33	33.33	8.33	25.00
0002571293	50.00	0.00	0.00	50.00
0002571382	33.33	33.33	0.00	33.33
0002571404	20.00	40.00	40.00	0.00
0002571471	6.67	13.33	20.00	60.00
0002571560	0.00	0.00	0.00	100.00
0002571633	20.00	20.00	40.00	20.00
0002571668	0.00	0.00	100.00	0.00
0002571714	50.00	0.00	0.00	50.00
0002571943	40.00	20.00	20.00	20.00
000257196X	50.00	0.00	0.00	50.00
0002572168	100.00	0.00	0.00	0.00
0002572192	25.00	0.00	25.00	50.00
0002572206	50.00	50.00	0.00	0.00
0002582015	100.00	0.00	0.00	0.00
0002582023	0.00	0.00	100.00	0.00
0002614154	32.56	16.28	18.60	32.56
0002614510	26.32	10.53	21.05	42.11
0002614529	15.55	47.90	7.14	29.41
0002617501	27.50	47.50	20.00	5.00
0002621509	50.00	0.00	0.00	50.00
0002625032	33.33	38.46	12.82	15.38
0002626446	0.00	0.00	100.00	0.00
0002628015	0.00	0.00	50.00	50.00
0002710188	45.63	1.94	3.88	48.54
0002711109	16.67	50.00	16.67	16.67
0002711184	0.00	0.00	0.00	100.00
0002711389	0.00	0.00	0.00	100.00
0002711397	35.00	10.00	10.00	45.00
0002712091	0.00	0.00	60.00	40.00
0002712199	0.00	0.00	25.00	75.00
0002712547	41.73	6.47	7.19	44.60
0002712709	0.00	0.00	20.00	80.00
0002713241	20.00	0.00	20.00	60.00
0002713357	25.00	0.00	0.00	75.00
0002713454	35.06	4.94	11.91	48.09
0002713624	10.29	8.82	20.59	60.29
0002713756	7.41	22.22	29.63	40.74
0002713810	29.63	11.11	14.81	44.44
0002719053	38.89	5.56	1.85	53.70
0002720213	33.33	0.00	66.67	0.00
0002720728	0.00	0.00	0.00	100.00
0002721244	0.00	0.00	0.00	100.00
0002725142	40.00	20.00	0.00	40.00
0002725533	20.00	10.00	25.00	45.00
0002726386	0.00	0.00	20.00	80.00
0002726874	30.77	0.00	15.38	53.85
0002727463	33.33	0.00	33.33	33.33
000272765X	23.53	5.88	47.06	23.53
0002727773	14.29	42.86	21.43	21.43
0002728494	0.00	0.00	100.00	0.00
0002730057	0.00	33.33	66.67	0.00
0002740168	10.94	29.17	36.46	23.44
0002740303	42.86	17.86	25.00	14.29
0002740427	16.67	66.67	16.67	0.00
0002740737	0.00	28.57	57.14	14.29
0002740753	7.78	35.56	31.11	25.56
000274094X	33.33	0.00	33.33	33.33
0002875926	10.87	2.90	61.59	24.64
0002877414	25.00	0.00	62.50	12.50
0002877813	0.00	0.00	100.00	0.00
0003002241	7.14	0.00	64.29	28.57
0003033570	0.00	0.00	100.00	0.00
0003034550	7.14	1.79	67.86	23.21
0003131181	0.00	0.00	100.00	0.00
0003176037	0.00	0.00	96.43	3.57
000322225X	0.00	0.00	0.00	100.00
0003222357	0.00	25.00	75.00	0.00
0003222977	0.00	0.00	0.00	100.00
0003222985	6.35	4.76	49.21	39.68
0003261301	22.95	21.89	24.95	30.21
0003271323	13.78	10.53	28.82	46.87
0003273091	20.81	12.14	20.23	46.82
0003278344	18.99	20.25	15.19	45.57
000330020X	13.79	17.24	10.34	58.62
0003300781	19.02	9.78	25.54	45.65
000330230X	20.00	5.71	24.76	49.52
0003429253	27.50	17.50	10.00	45.00
0003458903	0.00	0.00	0.00	100.00
000370257X	80.00	20.00	0.00	0.00
0003702650	80.00	20.00	0.00	0.00
000370520X	100.00	0.00	0.00	0.00
0003705218	100.00	0.00	0.00	0.00
0003708861	23.81	16.65	19.82	39.72
0003709493	19.27	9.16	28.44	43.13
0003750582	25.00	26.26	26.52	22.22
0003801055	13.70	17.70	27.76	40.84
000382909X	20.43	34.44	19.65	25.49
0003830683	23.69	13.65	15.66	46.99
0003900347	11.00	12.40	50.60	26.00
0003900355	9.88	47.74	11.11	31.28
0003905276	24.51	3.70	22.37	49.42
0004105788	100.00	0.00	0.00	0.00
0004111133	24.67	16.22	22.59	36.52
0004111141	1.00	46.00	26.00	27.00
0004111176	27.66	25.53	12.77	34.04
0004112563	9.26	38.89	22.22	29.63
000411535X	14.71	8.82	23.53	52.94
0004115546	22.22	33.33	11.11	33.33
0004115724	11.76	24.90	32.94	30.41
0004116798	17.65	29.41	23.53	29.41
0004116860	20.00	20.00	20.00	40.00
0004117107	10.80	27.53	8.36	53.31
0004117263	0.00	0.00	20.00	80.00
000411728X	55.56	11.11	0.00	33.33
0004119835	0.00	50.00	0.00	50.00
0004120205	66.67	0.00	0.00	33.33
0004120566	66.67	0.00	0.00	33.33
0004121074	0.00	0.00	0.00	100.00
0004122429	80.00	0.00	0.00	20.00
0004123298	50.00	0.00	0.00	50.00
0004123433	1.32	1.59	47.04	50.04
0004123476	1.79	8.77	48.72	40.72
0004125193	7.69	17.13	40.56	34.62
0004125231	33.96	11.32	16.98	37.74
0004125509	62.50	0.00	0.00	37.50
0004125819	33.33	0.00	0.00	66.67
0004126483	50.00	0.00	0.00	50.00
0004126505	72.73	0.00	9.09	18.18
0004126815	0.00	0.00	0.00	100.00
0004127056	80.00	0.00	0.00	20.00
0004127110	0.00	0.00	0.00	100.00
0004127382	66.67	0.00	0.00	33.33
0004127390	0.00	0.00	0.00	100.00
0004127560	0.00	0.00	50.00	50.00
0004127919	100.00	0.00	0.00	0.00
000412801X	0.00	0.00	50.00	50.00
0004129032	0.00	0.00	0.00	100.00
0004129121	0.00	0.00	0.00	100.00
000412913X	0.00	50.00	0.00	50.00
0004129377	0.00	0.00	50.00	50.00
0004129466	25.00	25.00	0.00	50.00
0004133285	20.00	40.00	0.00	40.00
0004133307	25.00	0.00	8.33	66.67
0004133382	69.23	0.00	0.00	30.77
0004133404	0.00	38.46	0.00	61.54
0004133463	25.00	25.00	0.00	50.00
0004133471	0.00	0.00	0.00	100.00
0004133536	33.33	33.33	0.00	33.33
0004133587	0.00	50.00	0.00	50.00
0004133595	0.00	33.33	33.33	33.33
0004133803	0.00	0.00	0.00	100.00
0004133862	0.00	0.00	0.00	100.00
0004133897	100.00	0.00	0.00	0.00
0004133900	38.46	0.00	15.38	46.15
0004133935	83.33	0.00	0.00	16.67
0004134109	85.71	0.00	0.00	14.29
0004134125	0.00	0.00	0.00	100.00
0004140052	0.00	0.00	0.00	100.00
0004140176	0.00	0.00	0.00	100.00
0004140338	0.00	0.00	0.00	100.00
0004140494	0.00	0.00	0.00	100.00
0004140648	0.00	0.00	0.00	100.00
0004140850	0.00	0.00	0.00	100.00
0004140958	50.00	20.00	10.00	20.00
0004140966	30.00	0.00	10.00	60.00
0004145372	0.00	0.00	0.00	100.00
000421546X	0.00	0.00	50.00	50.00
0004330781	0.00	33.33	16.67	50.00
0004331273	31.25	12.50	25.00	31.25
0004334051	20.83	20.83	29.17	29.17
0004336224	8.81	58.03	12.44	20.73
000433972X	5.14	71.50	8.88	14.49
0004342836	3.68	81.58	7.37	7.37
0004343476	0.00	0.00	0.00	100.00
0004343638	7.49	37.89	2.64	51.98
0004350367	11.21	65.52	6.03	17.24
0004350553	100.00	0.00	0.00	0.00
0004351592	0.00	0.00	0.00	100.00
0004355253	0.00	0.00	0.00	100.00
0004356470	22.48	40.60	8.05	28.86
0004356659	9.24	23.11	6.30	61.34
0004486110	5.41	0.00	86.49	8.11
0004486803	13.64	22.73	31.82	31.82
0004486862	2.50	42.50	17.50	37.50
0004486870	8.70	23.91	34.78	32.61
0004486889	14.29	31.09	15.97	38.66
0004487834	15.79	10.01	15.89	58.31
0004488156	10.88	5.15	5.29	78.68
0004488172	19.22	5.49	23.53	51.76
0004488857	25.00	20.00	40.00	15.00
0004488865	28.57	35.71	14.29	21.43
0004488938	0.00	25.00	75.00	0.00
0004489004	18.18	54.55	9.09	18.18
0004489039	15.68	28.11	32.43	23.78
0004489098	15.00	22.50	27.50	35.00
0004489438	11.54	50.00	15.38	23.08
0004489799	13.79	34.48	31.03	20.69
0004490266	25.43	17.97	17.45	39.15
0004490401	12.13	8.83	63.92	15.12
0004490541	43.18	12.77	38.70	5.35
0004490606	13.71	7.62	43.06	35.60
0004490940	20.82	18.56	37.43	23.20
0004539869	36.18	14.80	15.95	33.06
0004585488	17.02	28.19	22.87	31.91
0004586441	21.98	20.88	34.07	23.08
0004586522	19.23	42.31	23.08	15.38
0004586654	19.43	28.57	17.14	34.86
0004588029	25.24	22.33	21.36	31.07
0004588177	73.56	0.00	0.00	26.44
0004588266	12.18	9.37	33.07	45.38
0004589580	66.67	0.00	0.00	33.33
0004589769	42.51	40.19	10.76	6.54
0004622898	21.11	43.80	8.97	26.12
0004687019	3.15	86.96	1.90	7.98
0004700090	16.15	18.09	34.16	31.60
0004700481	0.00	0.00	55.06	44.94
0004700988	20.11	14.29	32.28	33.33
0004701208	0.00	23.76	74.26	1.98
0004702743	14.82	8.92	33.94	42.32
0004702816	23.48	20.45	28.03	28.03
0004704738	33.33	0.00	0.00	66.67
0004704991	25.00	5.00	25.00	45.00
0004705475	6.78	31.64	20.90	40.68
0004705831	23.08	8.79	26.37	41.76
000470584X	52.94	5.88	11.76	29.41
0004706773	25.00	0.00	0.00	75.00
0004706927	4.41	26.45	1.32	67.82
0004707052	3.88	50.97	12.94	32.21
0004707117	0.00	73.02	6.09	20.89
0004707206	5.88	65.80	2.35	25.97
0004707389	0.00	91.48	0.00	8.52
000470746X	0.00	89.61	0.00	10.39
0004707508	0.00	0.00	0.00	100.00
0004707516	0.00	0.00	0.00	100.00
0004707532	0.24	89.98	0.24	9.55
0004707613	22.84	22.84	15.22	39.10
000470763X	25.00	17.86	17.86	39.29
0004707664	13.02	11.83	60.36	14.79
0004707702	10.50	5.00	75.00	9.50
0004707729	13.79	21.98	43.53	20.69
0004708075	24.60	24.19	16.94	34.27
0004708083	26.83	18.90	18.29	35.98
0004708229	24.10	26.10	14.86	34.94
0004708237	14.73	14.34	46.51	24.42
0004708261	19.77	19.19	33.72	27.33
0004708466	18.67	15.51	46.52	19.30
0004708474	20.00	25.00	5.00	50.00
0004708482	6.77	7.57	72.51	13.15
0004708490	6.67	14.05	65.71	13.57
0004708512	30.39	20.42	15.77	33.42
0004708725	2.62	1.41	30.95	65.02
0004708997	3.00	0.00	24.58	72.42
0004709276	11.67	31.00	9.00	48.33
0004709799	0.00	100.00	0.00	0.00
0004709934	0.00	98.04	1.96	0.00
0004709977	0.00	100.00	0.00	0.00
0004710010	0.00	100.00	0.00	0.00
0004710258	0.00	100.00	0.00	0.00
0004710304	0.00	100.00	0.00	0.00
0004720091	1.27	48.25	20.63	29.84
000472013X	4.52	2.90	25.48	67.10
0004720652	0.91	0.00	0.13	98.96
0004720687	30.05	10.59	28.08	31.28
0004720695	11.11	0.00	0.00	88.89
0004720717	14.20	14.13	51.19	20.48
0004720776	5.11	31.39	47.45	16.06
0004720806	9.52	28.57	19.05	42.86
000472092X	2.63	0.32	20.73	76.32
0004720962	27.03	39.64	14.41	18.92
0004721098	12.17	24.35	38.26	25.22
0004721349	20.24	27.14	19.79	32.83
0004721357	15.05	22.58	24.73	37.63
0004721446	18.64	36.92	16.49	27.96
0004721470	9.68	21.77	42.74	25.81
000472156X	19.56	21.71	23.46	35.27
0004721675	11.02	6.53	25.71	56.73
0004722116	7.34	10.52	59.72	22.42
0004722140	0.42	34.60	0.84	64.14
0004722205	9.62	1.92	50.00	38.46
0004722213	0.00	0.00	40.00	60.00
0004722221	0.00	0.00	50.00	50.00
000472240X	12.92	3.69	46.31	37.08
000472254X	13.95	9.30	37.21	39.53
0004722590	20.00	6.67	40.00	33.33
0004722639	36.36	45.45	9.09	9.09
0004722698	16.54	6.30	37.80	39.37
0004722744	0.00	37.50	12.50	50.00
0004722809	0.00	0.00	50.00	50.00
0004722825	7.69	23.08	38.46	30.77
0004722957	12.31	7.69	49.23	30.77
0004723015	0.00	0.00	42.86	57.14
0004723023	0.00	0.00	60.00	40.00
0004723201	33.33	0.00	33.33	33.33
0004723724	11.69	9.09	40.26	38.96
0004723821	0.00	35.71	14.29	50.00
0004723996	0.00	25.00	50.00	25.00
0004724038	0.00	0.00	33.33	66.67
0004724097	12.90	3.23	48.39	35.48
0004724119	0.00	100.00	0.00	0.00
0004724143	100.00	0.00	0.00	0.00
0004724526	0.00	0.00	100.00	0.00
0004724534	3.57	40.67	21.03	34.72
0004724542	7.54	1.59	1.98	88.89
0004724747	3.81	2.05	63.05	31.09
0004724763	24.68	44.23	9.62	21.47
0004724801	5.72	2.61	76.41	15.26
000472500X	4.35	2.97	65.53	27.14
0004725026	11.76	32.72	6.25	49.26
0004725042	7.91	64.96	12.82	14.32
0004727622	4.46	76.37	9.64	9.53
0004775422	6.79	23.08	35.27	34.87
0004780000	30.13	41.83	19.89	8.15
000481259X	12.16	18.38	15.20	54.27
0004990218	71.61	10.54	6.66	11.19
0005002311	0.87	0.17	42.76	56.20
0005002923	1.27	1.82	61.27	35.64
0005003148	51.33	30.12	13.07	5.48
0005011760	12.04	12.04	21.30	54.63
0005012635	14.82	9.01	26.83	49.34
000501395X	29.96	17.12	15.18	37.74
0005016444	25.84	11.24	33.71	29.21
0005021812	18.82	16.47	27.06	37.65
0005038871	16.16	32.92	27.61	23.31
0005043050	14.46	9.64	42.17	33.73
0005044642	13.78	16.84	47.96	21.43
0005047218	12.57	36.03	29.89	21.51
0005059461	2.68	90.18	2.68	4.46
0005064295	6.61	77.53	6.83	9.03
0005064309	30.66	21.56	18.61	29.17
0005064341	12.65	13.13	31.26	42.96
0005067871	4.44	58.47	18.01	19.08
0005073693	16.81	16.81	26.55	39.82
0005080789	1.85	71.11	0.44	26.59
0005088682	12.38	6.19	34.85	46.58
0005089670	0.15	79.72	12.44	7.68
0005092981	16.75	19.37	15.71	48.17
0005099382	23.81	30.77	14.32	31.10
0005101794	11.25	13.75	39.58	35.42
0005103452	0.61	61.35	30.67	7.36
0005111587	1.83	94.42	0.41	3.35
0005111994	20.00	18.29	28.57	33.14
0005126207	5.31	41.45	30.31	22.93
0005128080	21.03	11.49	15.40	52.08
0005128420	2.08	2.08	0.00	95.83
0005137918	3.47	60.88	3.79	31.86
0005152054	19.64	16.07	32.14	32.14
0005152062	39.05	37.99	22.54	0.42
0005154111	14.66	13.80	36.27	35.27
0005161762	7.74	76.06	10.36	5.84
0005162092	21.53	17.70	18.66	42.11
0005168961	0.00	59.65	38.85	1.50
0005217954	19.62	18.92	22.82	38.64
0005220637	25.75	74.25	0.00	0.00
0005235073	15.54	37.69	26.12	20.66
0005235774	85.57	13.92	0.52	0.00
0005235863	24.20	26.74	23.46	25.59
0005245877	12.30	39.32	30.88	17.49
0005251532	0.00	95.26	0.00	4.74
0005298490	13.30	3.67	10.78	72.25
0005300517	2.94	58.82	2.94	35.29
0005301742	12.24	8.16	24.49	55.10
0005310075	0.00	93.73	0.00	6.27
0005327318	0.00	94.56	0.00	5.44
0005337356	16.93	12.81	23.19	47.07
0005337364	0.00	100.00	0.00	0.00
0005354617	8.03	39.27	26.54	26.16
0005369606	0.26	59.67	13.44	26.63
0005369703	16.12	15.37	27.46	41.06
0005370434	66.25	33.75	0.00	0.00
0005371171	5.70	11.29	48.28	34.74
0005377188	8.25	15.21	35.14	41.39
0005405122	26.14	9.09	15.34	49.43
0005423716	45.45	9.09	9.09	36.36
0005425697	50.00	12.50	0.00	37.50
0005435676	33.33	8.33	8.33	50.00
0005448506	0.00	0.00	16.67	83.33
0005448530	22.73	13.64	36.36	27.27
0005465281	11.15	46.54	16.15	26.15
0005474760	33.33	13.33	13.33	40.00
0005476216	22.86	18.57	31.43	27.14
0005476798	62.53	10.85	10.85	15.76
0005546915	24.52	41.00	13.79	20.69
0005592208	26.85	32.89	14.77	25.50
0005658640	21.57	38.04	12.16	28.24
0005683610	25.32	43.51	16.23	14.94
0005709172	14.97	45.99	14.44	24.60
0005724031	45.45	0.00	9.09	45.45
0005752655	37.50	12.50	12.50	37.50
0005780349	44.44	0.00	0.00	55.56
0005799007	11.11	0.00	22.22	66.67
0005819415	22.22	33.33	0.00	44.44
0005834252	36.36	18.18	9.09	36.36
0005912679	57.14	0.00	14.29	28.57
0005916232	58.33	8.33	8.33	25.00
0005957281	0.00	33.33	16.67	50.00
0005971594	28.57	0.00	0.00	71.43
0005984572	50.00	0.00	25.00	25.00
0005986303	0.00	0.00	28.57	71.43
0005987474	69.23	0.00	7.69	23.08
0005990602	60.00	6.67	13.33	20.00
0005991293	42.11	21.05	5.26	31.58
0005991315	48.39	9.68	16.13	25.81
000599134X	18.75	13.54	27.08	40.63
0005991897	13.13	41.31	13.13	32.43
0005991978	50.00	0.00	12.50	37.50
0005992095	50.00	0.00	0.00	50.00
0005992400	66.67	0.00	33.33	0.00
0005992753	53.33	0.00	20.00	26.67
0005993202	100.00	0.00	0.00	0.00
0005993814	100.00	0.00	0.00	0.00
0005995043	50.00	0.00	16.67	33.33
000599683X	16.32	15.06	13.60	55.02
0005997496	15.93	15.19	14.81	54.07
0005997925	19.10	17.42	12.06	51.42
0005998344	21.59	13.66	8.37	56.39
0005998360	23.27	11.02	8.16	57.55
0006003133	29.32	12.04	8.90	49.74
0006011144	21.61	6.59	5.14	66.67
0006011594	24.46	8.70	7.88	58.97
0006026125	29.34	15.57	20.96	34.13
0006057802	34.21	5.26	18.42	42.11
0006064574	20.11	9.50	24.58	45.81
0006104541	48.05	12.34	12.99	26.62
0006107982	66.96	5.22	13.04	14.78
0006110452	30.19	4.53	3.02	62.26
0006117171	34.21	13.16	21.05	31.58
000611718X	12.27	14.42	42.73	30.58
0006118526	36.25	15.63	19.57	28.55
0006119107	15.85	43.72	8.74	31.69
0006121195	14.12	14.41	39.91	31.56
000612321X	9.81	9.64	42.30	38.24
0006123252	3.63	45.56	37.50	13.31
0006123619	0.00	25.00	50.00	25.00
0006124925	17.39	43.48	18.48	20.65
0006125492	3.80	2.96	10.15	83.09
000612609X	9.52	37.00	40.29	13.19
0006126898	30.77	7.69	23.08	38.46
0006128149	12.73	7.61	41.88	37.79
0006128513	26.12	30.15	14.18	29.55
0006129005	50.00	10.00	0.00	40.00
0006129226	13.36	35.02	12.27	39.35
0006130550	33.33	6.67	13.33	46.67
0006130801	30.00	15.00	20.00	35.00
0006131247	12.50	25.00	18.75	43.75
0006131255	24.39	17.07	17.07	41.46
0006131786	23.53	20.59	11.76	44.12
0006131794	17.89	21.58	18.42	42.11
